#SETTING::name->Infinite_Bonus_Level
#SETTING::shuffle->true
#SETTING::doGaps->true
#SETTING::infinite->true
#SETTING::autoCoinSpawn->true

#ALIAS::1->InanimateClone
#ALIAS::2->FallBox
#ALIAS::3->BreakBox

#ALIAS::10->DefaultCoin
#ALIAS::11->SuperCoin
#ALIAS::12->GoodBoyCoin
#ALIAS::13->ExtraLife

#ALIAS::20->Launcher
#ALIAS::21->MissileLauncher
#ALIAS::22->WeaknessCannon:1
#ALIAS::23->CannonWeakness:1
#ALIAS::24->WeaknessCannon:2
#ALIAS::25->CannonWeakness:2

#ALIAS::30->MrHeli
#ALIAS::31->Apache:Pizza
#ALIAS::32->Apache:MonsterPizza
#ALIAS::33->Apache:Jumper

#ALIAS::40->Jumper

#ALIAS::50->Pizza
#ALIAS::51->MonsterPizza

#ALIAS::100->SpriteDummy:8:5:intro.png
#ALIAS::101->MovingBox:1
#ALIAS::102->MovingBox:2
#ALIAS::103->MovingBox:3


{
{0	0	0	0	0	0	0	0	0	0 }
{0	0	0	0	0	0	0	0	0	0 }
{0	0	0	0	0	0	0	12	12	0 }
{0	0	12	12	0	0	0	12	12	0 }
{0	0	12	12	0	0	0	0	0	0 }
{0	0	0	0	0	0	0	1	1	0 }
{0	0	1	1	0	0	0	1	1	0 }
{0	0	1	1	0	0	0	1	1	0 }
{1	1	1	1	1	1	1	1	1	1 }
}
{
{0	0	0	0	0	0	0	0	0	0 }
{0	0	0	0	0	0	0	0	0	0 }
{0	0	0	0	0	0	0	0	0	0 }
{0	0	0	0	0	0	0	0	0	0 }
{0	0	0	0	0	0	0	0	0	0 }
{0	0	10	10	10	10	10	10	0	0 }
{0	0	10	10	10	10	10	10	0	0 }
{0	0	0	0	0	0	0	0	0	0 }
{1	1	1	1	1	1	1	1	1	1 }
}
{
{0	0	0	0	0	0	0	0	0	0 }
{0	0	0	0	0	0	0	0	0	0 }
{0	0	0	0	0	0	0	0	0	0 }
{0	0	0	0	0	0	0	0	0	0 }
{0	0	0	0	0	0	0	0	0	0 }
{0	0	0	0	0	0	0	0	0	0 }
{0	0	0	0	0	0	0	0	0	0 }
{0	0	0	0	0	0	0	0	0	0 }
{1	1	1	1	1	1	1	1	1	1 }
}
{
{0	0	0	0	0	0	0	0	0	0 }
{0	0	0	0	0	0	10	10	0	0 }
{0	0	0	0	0	0	10	10	0	0 }
{0	0	0	10	10	0	0	0	0	0 }
{0	0	0	10	10	0	1	1	0	0 }
{0	0	0	0	0	0	0	0	0	0 }
{0	0	0	1	1	0	0	0	0	0 }
{0	0	0	0	0	0	0	0	0	0 }
{1	1	0	0	0	0	0	0	0	0 }
}
{
{0	0	1	1	1	1	1	1	0	0 }
{0	0	20	0	1	1	0	20	0	0 }
{0	0	0	0	1	1	0	0	0	0 }
{0	0	0	0	20	20	0	0	0	0 }
{0	0	0	0	0	0	0	0	0	0 }
{0	0	0	0	0	0	0	0	0	0 }
{0	0	0	0	0	0	0	0	0	0 }
{0	0	0	0	0	0	0	0	0	0 }
{1	1	1	1	1	1	1	1	1	1 }
}
{
{0	0	0	0	1	1	0	0	0	0 }
{0	0	0	0	20	20	0	0	0	0 }
{0	0	0	0	0	0	0	0	0	0 }
{0	0	0	0	0	0	0	0	0	0 }
{0	0	0	0	0	0	0	0	0	0 }
{0	0	0	0	0	0	0	0	0	0 }
{0	0	0	0	0	0	0	0	0	0 }
{0	0	0	0	0	0	0	0	0	0 }
{1	1	0	0	1	1	0	0	1	1 }
}
{
{0	0	10	0	12	0	10	0	0	0 }
{0	0	0	10	0	10	0	0	0	0 }
{0	0	0	0	10	0	0	0	0	0 }
{0	0	0	0	0	0	0	0	0	0 }
{0	0	103	102	101	102	103	0	0	0 }
{0	0	0	0	0	0	0	0	0	0 }
{0	0	0	0	0	0	0	0	0	0 }
{0	0	0	0	0	0	0	0	0	0 }
{1	1	0	0	0	0	0	0	1	1 }
}
{
{0	0	0	0	0	0	0	0	0	0 }
{0	0	0	0	0	0	0	0	0	0 }
{0	0	0	0	0	0	0	31	0	0 }
{0	0	0	0	10	10	0	0	0	0 }
{0	0	31	0	10	10	0	0	0	0 }
{0	0	0	0	10	10	0	0	0	0 }
{0	0	0	0	10	10	0	0	0	0 }
{0	0	0	0	0	0	0	0	0	0 }
{1	1	1	1	1	1	1	1	1	1 }
}
{
{0	0	0	0	0	0	0	0	0	0 }
{0	0	0	1	0	0	0	0	0	0 }
{0	0	0	22	0	0	0	1	0	0 }
{0	0	0	0	0	0	0	22	0	0 }
{0	0	0	0	0	0	0	0	0	0 }
{0	0	0	0	0	0	0	0	0	0 }
{0	0	0	0	0	0	0	0	0	0 }
{0	0	0	0	0	0	0	0	0	0 }
{1	1	1	1	0	0	1	1	1	1 }
}
{
{0	0	0	0	0	0	0	0	0	0 }
{0	0	0	0	0	0	0	0	0	0 }
{0	0	0	0	0	0	0	0	0	0 }
{0	0	0	0	0	0	0	0	0	0 }
{0	0	0	0	0	0	0	0	0	0 }
{0	0	0	0	0	0	0	0	0	0 }
{0	0	0	0	0	0	0	0	0	0 }
{0	0	0	0	0	0	0	0	0	0 }
{3	3	3	3	3	3	3	3	3	3 }
}
{
{0	0	0	0	0	0	0	0	0	0 }
{0	0	0	0	0	0	0	0	0	0 }
{0	0	0	0	0	0	0	0	0	0 }
{0	0	0	0	0	0	0	0	0	0 }
{0	0	0	0	0	0	0	0	0	0 }
{0	0	0	0	0	0	0	0	0	0 }
{0	0	0	1	0	1	0	0	0	0 }
{0	0	0	1	21	1	0	0	0	0 }
{1	1	1	1	1	1	1	1	1	1 }
}
{
{0	0	0	0	1	0	1	0	0	0 }
{0	0	0	0	1	21	1	0	0	0 }
{0	0	0	0	1	1	1	0	0	0 }
{0	0	0	0	0	0	0	0	0	0 }
{0	0	0	0	0	0	0	0	0	0 }
{0	0	1	1	0	0	0	1	1	0 }
{0	0	1	1	0	0	0	1	1	0 }
{0	30	0	0	0	0	30	0	0	0 }
{1	1	1	1	1	1	1	1	1	1 }
}
{
{0	0	0	0	0	0	0	0	0	0 }
{0	0	0	0	0	0	12	0	0	0 }
{0	0	0	0	0	10	0	10	0	0 }
{0	0	0	0	0	0	1	0	0	0 }
{0	0	12	0	0	1	1	1	0	0 }
{0	10	0	10	0	0	1	0	0	0 }
{0	0	1	0	0	0	0	0	0	0 }
{0	1	1	1	0	0	0	0	0	0 }
{0	0	1	0	0	0	0	0	1	1 }
}
{
{0	0	0	0	0	0	1	1	0	0 }
{0	0	0	0	0	0	20	20	0	0 }
{0	0	0	0	0	0	0	0	0	0 }
{0	0	0	0	0	0	0	0	0	0 }
{0	0	0	0	0	0	0	0	0	0 }
{0	0	102	102	0	0	0	0	0	0 }
{0	0	0	0	0	0	0	0	0	0 }
{0	0	0	0	0	0	0	0	0	0 }
{1	1	0	0	0	0	1	1	1	1 }
}
{
{1	0	0	0	0	0	0	0	0	0 }
{1	0	10	10	0	0	0	0	0	0 }
{1	0	10	10	32	0	10	10	0	0 }
{0	0	10	10	0	0	10	10	0	0 }
{0	0	10	10	0	0	0	0	0	0 }
{0	0	0	0	0	0	0	0	0	0 }
{0	0	0	0	0	0	1	1	0	0 }
{0	0	1	1	0	0	1	1	0	0 }
{1	1	1	1	1	1	1	1	1	1 }
}
{
{0	0	0	0	0	1	0	0	0	0 }
{0	0	0	0	0	20	0	0	0	0 }
{0	0	0	0	0	0	0	0	0	0 }
{0	0	0	0	0	0	0	0	0	0 }
{0	0	0	0	0	0	0	3	3	0 }
{0	0	0	3	3	0	0	3	3	0 }
{0	0	0	3	3	0	0	0	0	0 }
{0	0	0	0	0	0	0	0	0	0 }
{1	1	0	0	0	0	0	0	0	0 }
}
{
{0	0	0	0	0	0	0	0	0	0 }
{0	0	0	0	0	0	0	0	0	0 }
{0	0	0	0	0	0	0	0	0	0 }
{0	0	0	0	0	0	0	0	0	0 }
{0	0	0	0	1	1	0	0	0	0 }
{0	0	0	1	0	0	1	0	0	0 }
{0	0	1	0	0	0	0	1	0	0 }
{0	1	0	0	21	21	0	0	1	0 }
{1	1	1	1	1	1	1	1	1	1 }
}
{
{0	0	0	0	0	0	0	0	0	0 }
{0	0	0	0	0	0	0	0	0	0 }
{0	0	0	0	0	0	0	0	0	0 }
{0	0	0	0	0	0	0	0	0	0 }
{0	0	0	0	0	0	0	0	0	0 }
{0	1	1	0	0	0	0	1	1	0 }
{1	12	10	10	10	10	10	10	10	1 }
{1	51	0	0	51	0	0	0	51	1 }
{1	1	1	1	1	1	1	1	1	1 }
}
{
{0	0	0	0	0	23	0	0	0	1 }
{0	0	0	0	0	1	0	0	0	22 }
{0	0	0	0	0	0	0	0	0	0 }
{0	0	0	0	0	0	0	0	0	0 }
{0	0	0	0	0	0	0	0	0	0 }
{0	0	102	102	0	0	0	0	0	0 }
{0	0	0	0	0	0	0	0	0	0 }
{0	0	0	0	0	0	0	0	0	0 }
{1	1	1	1	1	1	1	1	1	1 }
}
{
{0	0	0	0	1	1	0	0	0	0 }
{0	0	0	0	22	22	0	0	0	0 }
{0	0	0	0	0	0	0	0	0	0 }
{0	0	0	0	0	0	0	0	0	0 }
{0	0	0	0	0	0	0	0	0	0 }
{0	0	0	0	0	0	0	0	0	0 }
{0	0	0	0	0	0	0	0	0	0 }
{0	0	0	0	0	0	0	0	0	0 }
{1	0	0	1	1	1	1	0	0	1 }
}
{
{0	0	1	0	0	1	0	0	0	0 }
{0	0	1	0	0	0	0	0	0	0 }
{0	0	1	0	0	0	0	0	0	0 }
{0	0	0	0	0	1	0	0	0	0 }
{103	103	0	0	0	1	0	0	0	0 }
{0	0	1	103	103	1	0	0	0	0 }
{0	0	1	0	0	1	0	0	0	0 }
{0	0	1	0	0	0	0	0	0	21 }
{1	1	1	0	0	1	1	0	1	1 }
}
{
{0	0	0	0	0	0	0	0	0	0	0	0	0	0  }
{0	0	30	101 101	0	0	0	0	0	0	0	0	0  }
{0	0	0	0	0	0	0	0	0	0	102	102	0	0  }
{0	0	0	0	0	0	0	0	0	30	0	0	0	0  }
{0	0	0	0	0	102	102	0	0	0	0	0	0	0  }
{0	0	0	0	0	0	0	0	103	103	0	0	0	0  }
{0	0	0	102	102	0	0	0	0	0	0	0	0	0  }
{0	0	0	30	0	0	0	0	0	0	101	101	0	0  }
{1	1	0	0	0	0	0	0	0	30	0	0	0	0  }
}
{
{0	0	0	0	0	0	0	1	0	0	0	0	0	0  }
{0	0	10	10	10	10	10	10	10	10	10	10	0	0  }
{0	0	0	0	0	0	0	1	0	0	0	1	0	0  }
{0	0	1	1	1	1	1	0	1	1	1	1	0	0  }
{102	102	1	10	0	0	0	0	0	10	1	0	0	0  }
{0	0	1	0	1	10	0	0	0	10	1	1	0	0  }
{0	0	1	0	0	1	0	0	0	1	0	1	0	0  }
{0	0	1	0	0	0	21	21	21	0	0	1	0	0  }
{1	1	1	0	0	0	1	1	1	0	0	1	1	1  }
}
{
{1	1	1	1	1	1	1	1	1	1	1	1	1	0  }
{0	20	0	20	0	20	0	20	0	20	0	20	0	0  }
{0	0	0	0	0	0	0	0	0	0	0	0	0	0  }
{0	0	0	0	0	0	0	0	0	0	0	0	0	0  }
{0	0	0	0	0	0	0	0	0	0	0	0	0	0  }
{0	0	0	0	0	0	0	0	0	0	0	0	0	0  }
{0	0	0	0	0	0	0	0	0	0	0	0	0	0  }
{0	0	0	0	0	0	0	0	0	0	0	0	0	0  }
{1	1	1	0	0	0	1	1	1	0	0	1	1	1  }
}
{
{1	1	1	1	1	1	1	1	1	1	1	1	1	0  }
{0	0	22	0	0	1	0	0	22	0	0	1	0	0  }
{0	0	0	0	0	22	0	0	0	0	0	22	0	0  }
{0	0	0	0	0	0	0	0	0	0	0	0	0	0  }
{0	0	0	0	0	0	0	0	0	0	0	0	0	0  }
{0	0	0	0	0	0	0	0	0	0	0	0	0	0  }
{0	0	0	0	0	0	0	0	0	0	0	0	0	0  }
{0	0	0	0	0	0	0	0	0	0	0	0	0	0  }
{1	1	1	0	0	0	1	1	1	0	0	1	1	1  }
}
{
{0	0	0	0	0	0	0	0	0	0	0	0	0	0  }
{0	0	0	0	0	21	0	0	0	21	0	0	0	0  }
{0	0	0	0	0	1	0	21	0	1	0	0	0	0  }
{0	0	0	21	0	1	0	1	0	1	0	0	0	0  }
{0	0	0	1	0	1	0	1	0	1	0	0	0	0  }
{0	0	0	1	0	1	0	1	0	1	0	0	0	0  }
{0	0	0	0	0	0	0	0	0	0	0	0	0	0  }
{0	0	0	0	0	0	0	0	0	0	0	0	0	0  }
{1	1	1	1	1	1	1	1	1	1	1	1	1	1  }
}
{
{0	0	1}
{1	0	1}
{1	1	1}
}
{
{0	0	0	0	12}
{0	0	0	0	1}
{0	0	12	0	1}
{12	0	1	0	1}
{1	0	1	0	1}
{1	0	1	0	1}
}
{
{0	0	1}
{0	1	1}
{1	1	1}
}
{
{0	0	0	1}
{0	0	1	1}
{0	1	1	1}
{1	1	1	1}
}
{
{0	10	10	0}
{1	10	10	1}
{1	50	50	1}
{1	1	1	1}
}
{
{0}
{30}
{0}
{30}
{0}
{0}
{0}
{1}
}
{
{0}
{0}
{0}
{31}
{0}
{0}
{0}
{1}
}
{
{0}
{0}
{0}
{32}
{0}
{0}
{0}
{1}
}
{
{0}
{0}
{0}
{33}
{0}
{0}
{0}
{1}
}
{
{10}
{10}
{10}
{10}
{10}
{10}
{10}
{10}
}
{
{3}
}
{
{3	3}
}
{
{3	3	3}
}
{
{3	3	3	3	3}
}
